1.225
0.0
1.2806818181818183
0.055681818181818186
1.3363636363636364
0.11136363636363637
1.3920454545454546
0.16704545454545455
1.4477272727272728
0.22272727272727275
1.5034090909090911
0.27840909090909094
1.5590909090909093
0.3340909090909091
1.6147727272727275
0.3897727272727273
1.6704545454545456
0.4454545454545455
1.7261363636363638
0.5011363636363637
1.781818181818182
0.5568181818181819
1.8375000000000001
0.6125
1.8931818181818183
0.6681818181818182
1.9488636363636365
0.7238636363636364
2.004545454545455
0.7795454545454547
2.060227272727273
0.8352272727272728
2.115909090909091
0.890909090909091
2.1715909090909093
0.9465909090909091
2.2272727272727275
1.0022727272727274
2.2829545454545457
1.0579545454545456
2.338636363636364
1.1136363636363638
2.394318181818182
1.169318181818182