1.052499999999999991e+00
0.000000000000000000e+00
1.110000000000000098e+00
5.500000000000000028e-02
1.165000000000000036e+00
1.100000000000000006e-01
1.219999999999999973e+00
1.650000000000000078e-01
1.274999999999999911e+00
2.225000000000000033e-01
1.330000000000000071e+00
2.775000000000000244e-01
1.387499999999999956e+00
3.325000000000000178e-01
1.442499999999999893e+00
3.875000000000000111e-01
1.497500000000000053e+00
4.425000000000000044e-01
1.552499999999999991e+00
5.000000000000000000e-01
1.607499999999999929e+00
5.550000000000000488e-01
1.665000000000000036e+00
6.099999999999999867e-01
1.719999999999999973e+00
6.650000000000000355e-01
1.774999999999999911e+00
7.199999999999999734e-01
1.830000000000000071e+00
7.750000000000000222e-01
1.885000000000000009e+00
8.325000000000000178e-01
1.939999999999999947e+00
8.874999999999999556e-01
1.997500000000000053e+00
9.425000000000000044e-01
2.052500000000000213e+00
9.975000000000000533e-01
